re: -1.6279718214753912758723752
im: 0.0221454164590242105612734
scale: 7.68905738398666e-21