re: -1.6279718214100573353
im: 0.0221454163810525506
scale: 0.0000000000077064312
scale_factor: 0.1