re: -1.759296501737282329214350301859942200779201413047015117719839228605926930619100037005859259351892223
im: 0.012290309149838724626625818833737823101140159080966297894659535752440749823538069139184454287527257
scale: 7.07106781186545e-95