re: -0.762117937679763868315241247030275423469755426627738420180318245270798804887116666815773926891914009142341733523762921408112737166532788836052833501037883542274076252376342969967705008185120000
im: 0.095731755938079152181101271958769817291852842957531737800785254979881669321686600681706314310158846138500903477457806058122484448592604225710763609321937469909764288891577322406214406979994248
scale: 0.000000000000000000000000000000000000000000000000000000000000000000000000000000000000000000000000000000000000000000000000000000000000000000000000000000000185973595389728175076275430040002559999

cuda_groups: 1024
cuda_threads: 512