re: -0.762117937679763868315241247030275423469755426627738420180318245270798804887116666815773926891914009142341733523762921408112737166532788836052833501037883595135
im: 0.095731755938079152181101271958769817291852842957531737800785254979881669321686600681706314310158846138500903477457806058122484448592604225710763609321937376884
scale: 1.79666867662566e-152

cuda_groups: 32
cuda_threads: 256
escape_block: 3072