re: -0.744905
im: 0.112328
scale: 2.031248e-05
scale_factor: 0.85

oversample: true
oversample_multiplier: 4