re: -0.744905
im: 0.112328
scale: 1.015624e-05
scale_factor: 0.85

colour_method: 9
oversample: true
oversample_multiplier: 4