re: -1.74995768370609350360221450607069970727110579726252077930242837820286008082972804887218672784431700831100544507655659531379747541999999995
im: 0.00000000000000000278793706563379402178294753790944364927085054500163081379043930650189386849765202169477470552201325772332454726999999995
skip: 24
count: 25
escape_limit: 1048576