# re: -0.60703162821563586757910502377461435935930321549174820212642589810672248040946838784162707319195808564274022518836137995630455891750905402261234712748308735677881913767414408203871073883634233602902959259594914676941380314887696032856310834435515533776
# im: 0.6052537042129129517871144029176956598148685870577168246880770635138641906123454912866984993905058361002746474149422383460180451304485591995304700957384395395545271069063063214665987384397141065074934595429600058592524074634552263597068841616634127419
# scale: 1.0064294952495521e-233

re: -0.607031628215635867579105023774614359359303215491748202126425898106722480409468387841627073191958085642740225188361379956304558917509054022612347127483087356778819137674144082038710738836342336029029592595949146769413803148876960328565235667757537441561194115094556293108176170862145458202621425012440755817688401638455055584774721852847396875169132306157475405155838543770101934826758965070447781137529881892264699421705369070395406501445272789970848860921008353421701768454445367794979776806340895037757934656356632325036095431075473699
im: 0.605253704212912951787114402917695659814868587057716824688077063513864190612345491286698499390505836100274647414942238346018045130448559199530470095738439539554527106906306321466598738439714106507493459542960005859252407463455226359700788560165417404277374786805470622939729465014931043490042447598483521598283323696861037395802920797247562986915348009895210691240657783461548398162666142007647317127591125729801367255480665252955287571830401150658793369679519917039460002238890443676363747383341697339518016511040376641004731088084583867
scale: 6.6094830418622974e-521

cuda_groups: 64
cuda_threads: 256
escape_block: 16384