re: -0.60703162821563586757910502377461435935930321549174820212642589810672248040946838784162707319195808564274022518836137995630455891750905402261234712748308735677881913767414408203871073883634233602902959259594914676941380314887696032856310834435515533776
im: 0.6052537042129129517871144029176956598148685870577168246880770635138641906123454912866984993905058361002746474149422383460180451304485591995304700957384395395545271069063063214665987384397141065074934595429600058592524074634552263597068841616634127419
scale: 1.0064294952495521e-233

cuda_groups: 64
cuda_threads: 256
escape_block: 16384