re: -1.0061879714151283
im: -0.27911684771762013
scale: 1.636664695751832e-06