re: -0.74516
im: 0.112575
scale: 6.5e-4