re: -1.16403856759996471
im: 2.29637178821327975e-01
scale: 0.0009765625