re: 0.16008284883560522
im: 0.5725060571509984
scale: 0.00000244