re: -0.4706839696164857
im: -0.5829393990803547
scale: 1.1521060076413870139625106597793e-11