re: -1.16403856759996471
im: 0.229637178821327975
scale: 0.5