re: -0.98485947819980035
im: 0.29938735650847048
scale: 8.8329312877442e-11